dor_with_no_dps = [89846, 89835, 89826, 89971, 89954, 89930, 89900, 89881, 89861, 89849, 89827, 89822, 89941, 89859, 89855, 89847, 89837, 89911, 89955, 89943, 89939, 89927, 89925, 89912, 90038, 90036, 90024, 90022, 90014, 89968, 89946, 89935, 89903, 89966, 89987, 89985, 89982, 89980, 90048, 90045, 90030, 90018, 89999, 89983, 90062, 90054, 90047, 90011, 90006, 90080, 90077, 90069, 90067, 90066, 90064, 90046, 90044, 90041, 90028, 90113, 90111, 90101, 90098, 90097, 90094, 90092, 90091, 90090, 90082, 90081, 90075, 90074, 90057, 90106, 90100, 90093, 90129, 90128, 90127, 90126, 90124, 90123, 90121, 90119, 90118, 90116, 90115]

correct_dors_no_dp = [89846, 89835, 89826, 89971, 89954, 89930, 89900, 89881, 89861, 89849, 89827, 89822, 89941, 89859, 89855, 89847, 89837]

all_dor_ids =  [89807, 89806, 89820, 89817, 89815, 89813, 89812, 89811, 89810, 89809, 89808, 89888, 89883, 89878, 89873, 89868, 89862, 89858, 89853, 89848, 89846, 89842, 89838, 89835, 89829, 89826, 89823, 89821, 89818, 89816, 89814, 89971, 89965, 89961, 89958, 89954, 89949, 89944, 89938, 89934, 89930, 89921, 89916, 89909, 89902, 89900, 89895, 89890, 89885, 89881, 89875, 89871, 89866, 89861, 89856, 89852, 89849, 89844, 89841, 89834, 89830, 89827, 89824, 89822, 89819, 89941, 89936, 89932, 89922, 89918, 89913, 89904, 89901, 89897, 89892, 89887, 89882, 89876, 89870, 89864, 89859, 89855, 89851, 89847, 89843, 89839, 89837, 89833, 89828, 89825, 89914, 89911, 89905, 89899, 89896, 89891, 89886, 89879, 89874, 89869, 89865, 89860, 89854, 89850, 89845, 89840, 89836, 89832, 89831, 89959, 89955, 89951, 89945, 89943, 89939, 89933, 89929, 89927, 89925, 89924, 89923, 89917, 89912, 89906, 89898, 89894, 89889, 89884, 89877, 89872, 89867, 89863, 90038, 90036, 90032, 90027, 90024, 90022, 90019, 90016, 90014, 90010, 90005, 90001, 89998, 89996, 89977, 89975, 89972, 89968, 89964, 89960, 89956, 89950, 89946, 89942, 89937, 89935, 89931, 89920, 89915, 89910, 89907, 89903, 89974, 89970, 89966, 89962, 89957, 89952, 89948, 89947, 89987, 89985, 89982, 89981, 89980, 89979, 89978, 89976, 89973, 89969, 89967, 90048, 90045, 90040, 90034, 90030, 90023, 90020, 90018, 90013, 90009, 90007, 90003, 90000, 89999, 89997, 89995, 89994, 89992, 89991, 89990, 89989, 89988, 89986, 89984, 89983, 90063, 90062, 90056, 90054, 90051, 90047, 90043, 90037, 90035, 90031, 90026, 90021, 90017, 90012, 90011, 90008, 90006, 90004, 90080, 90078, 90077, 90073, 90071, 90069, 90067, 90066, 90064, 90061, 90058, 90055, 90052, 90050, 90046, 90044, 90042, 90041, 90039, 90033, 90029, 90028, 90113, 90111, 90108, 90107, 90103, 90101, 90098, 90097, 90094, 90092, 90091, 90090, 90088, 90086, 90082, 90081, 90079, 90076, 90075, 90074, 90072, 90068, 90065, 90059, 90053, 90057, 90106, 90102, 90100, 90095, 90093, 90089, 90087, 90085, 90083, 90129, 90128, 90127, 90126, 90125, 90124, 90123, 90122, 90121, 90119, 90118, 90117, 90116, 90115, 90114, 90112, 90109, 90105, 90104]

dp_ids = [145256, 145255, 145269, 145267, 145265, 145263, 145262, 145261, 145260, 145259, 145258, 145257, 145257, 145326, 145320, 145316, 145312, 145306, 145301, 145299, 145296, 145291, 145287, 145283, 145278, 145272, 145271, 145268, 145266, 145264, 145389, 145386, 145383, 145375, 145372, 145368, 145363, 145352, 145349, 145343, 145339, 145333, 145329, 145323, 145314, 145310, 145303, 145298, 145294, 145289, 145285, 145282, 145277, 145273, 145270, 145365, 145361, 145358, 145350, 145345, 145342, 145337, 145335, 145331, 145325, 145319, 145315, 145309, 145304, 145293, 145288, 145284, 145280, 145276, 145274, 145346, 145340, 145336, 145334, 145330, 145324, 145318, 145313, 145308, 145302, 145300, 145297, 145292, 145290, 145286, 145281, 145295, 145279, 145384, 145377, 145371, 145362, 145359, 145355, 145354, 145351, 145341, 145338, 145332, 145328, 145321, 145317, 145311, 145305, 145322, 145440, 145438, 145432, 145430, 145427, 145422, 145420, 145417, 145414, 145410, 145395, 145392, 145388, 145385, 145381, 145379, 145370, 145366, 145360, 145353, 145348, 145344, 145376, 145367, 145394, 145391, 145387, 145382, 145378, 145373, 145380, 145402, 145400, 145398, 145397, 145393, 145399, 145390, 145449, 145444, 145436, 145433, 145429, 145426, 145423, 145421, 145419, 145415, 145413, 145412, 145411, 145409, 145408, 145407, 145406, 145405, 145418, 145464, 145459, 145454, 145450, 145445, 145442, 145439, 145437, 145435, 145431, 145428, 145425, 145443, 145471, 145469, 145467, 145462, 145460, 145458, 145455, 145453, 145448, 145447, 145441, 145461, 145490, 145487, 145485, 145479, 145475, 145473, 145470, 145468, 145466, 145465, 145463, 145477, 145457, 145484, 145483, 145481, 145478, 145474, 145482, 145500, 145499, 145496, 145494, 145492, 145491, 145488, 145497]

delivery_group_ids =

multiple_dg_ids = [43482, 43483, 43487, 43489, 43490, 43491, 43492, 43493, 43494, 43495, 43496, 43497, 43498]

correct_po_ids = [32224, 32225, 32227]

correct_dor_ids = [89888, 89883, 89878, 89873, 89868, 89862, 89858, 89853, 89848, 89846, 89842, 89838, 89835, 89829, 89826, 89823, 89821, 89818, 89816, 89814, 89971, 89965, 89961, 89958, 89954, 89949, 89944, 89938, 89934, 89930, 89921, 89916, 89909, 89902, 89900, 89895, 89890, 89885, 89881, 89875, 89871, 89866, 89861, 89856, 89852, 89849, 89844, 89841, 89834, 89830, 89827, 89824, 89822, 89819, 89941, 89936, 89932, 89922, 89918, 89913, 89904, 89901, 89897, 89892, 89887, 89882, 89876, 89870, 89864, 89859, 89855, 89851, 89847, 89843, 89839, 89837, 89833, 89828, 89825]


where l.code in ('VRTL', 'VRTL1', 'VRTL2', 'VRTL3', 'VRTL4', 'VRTL5', 'TESTOYO', 'DIGI_AGE_VRTL')
and lil.location_id = l.id
and lil.lot_information_id = li.id
and li.lot_infoable_id = dpir.id
and dpir.dispatch_plan_id = dp.id

{"id"=>15715,
   "cst"=>"",
   "vat"=>"",
   "city"=>"Bilaspur",
   "alias"=>nil,
   "gstin"=>"06AADCD8136E1ZV",
   "state"=>"Haryana",
   "country"=>"India",
   "pincode"=>122413,
   "version"=>"2018-12-25T19:13:22.078+05:30",
   "full_name"=>"Pramod Nikam",
   "state_code"=>"HR",
   "company_name"=>"DIGITAL AGE RETAIL PRIVATE LIMITED",
   "mobile_number"=>"+917507433554",
   "street_address"=>
    "Firstcry warehouse No 1, Of '' JKS Logistics Park” Situated at 3.5 KG form Bilaspur Chowk on bilaspur Tauru Road at Village Pathreri, Dist : Gurugram, Haryana – 122413",
   "gstin_state_code"=>"06"}